28.10
28.10
28.10
28.10
28.20
28.30
28.40
28.30
28.30
28.30
28.30
28.20
28.20
28.30
28.60
28.60
28.70
28.70
28.70
28.80
28.80
28.80
28.80
28.80
28.80
29.10
29.60
29.70
29.70
29.60
29.40
29.50
29.40
29.40
29.30
29.20
29.10
29.20
29.20
29.30
29.40
29.50
29.50
29.50
29.50
29.50
29.40
29.40
29.40
29.30
29.30
29.20
29.10
29.20
29.40
29.60
29.80
30.10
30.30
30.50
30.60
30.80
30.80
30.70
30.70
31.00
30.70
30.50
30.50
30.10
29.80
29.60
29.50
29.50
29.50
29.50
29.40
29.30
29.30
29.30
29.30
29.30
29.30
29.30
29.30
29.20
29.20
29.20
29.20
29.30
29.60
30.10
30.60
31.60
33.40
35.00
35.80
36.10
35.40
34.60
34.40
34.30
34.40
34.60
34.80
35.10
35.30
35.70
35.90
36.10
36.30
36.50
36.80
37.10
37.50
38.00
38.50
38.90
39.60
40.00
40.30
40.30
40.10
39.00
38.20
37.70
37.10
36.50
36.00
35.30
34.70
34.30
33.90
33.70
33.40
33.10
33.40
32.00
32.50
32.90
32.40
32.20
31.90
32.00
31.90
31.80
31.90
31.70
31.50
31.40